-495.88	-177.25	-5
-495.5	-202.38	-5
-495.5	-213.25	-5
-492	-222.25	-5
-482.88	-228.25	-5
-473.5	-232.88	-5.25
-462.38	-231.75	-7.38
-451.88	-230.25	-9.38
-441	-228.88	-10.13
-453.63	-230.5	-7.75
-464.13	-231.75	-5.75
-477.38	-231.88	-4.88
-488.63	-224.38	-4.88
-496.13	-217.25	-5
-496.63	-206.5	-5.13
-497.13	-181.75	-5.13
-497.38	-160.13	-5.13
-497.63	-130.13	-5.13
-497.63	-94.75	-5.13
-494.88	-78.25	-5
-491.5	-68.5	-5
-478.38	-58.88	-5
-465.88	-54.88	-5
-455	-54.5	-5
-436.25	-51.75	-8
-425.38	-49.38	-10.25
-444.38	-53.5	-5
-461.25	-55	-4.75
-471.75	-55.38	-5
-487.75	-65.38	-5.13
-494	-73.38	-5
-496	-84	-5
-497.63	-94.75	-5
-496.63	-141.13	-5
-496.38	-152	-5
-495.88	-176.5	-5
-495.75	-187.38	-5
-495.5	-201	-5
-495.5	-212	-5
-483.38	-227.5	-5
